[gd_scene load_steps=2 format=2]

[ext_resource path="res://scenes/Asteroid.tscn" type="PackedScene" id=1]

[node name="Asteroid Belt" type="Spatial"]

[node name="Asteroid" parent="." instance=ExtResource( 1 )]
transform = Transform( 2, 0, 0, 0, 4, 0, 0, 0, 2, -104.76, 1.17239, 0 )

[node name="Asteroid2" parent="." instance=ExtResource( 1 )]
transform = Transform( 2, 0, 0, 0, 1, 0, 0, 0, 1, -102.76, 0, 4 )

[node name="Asteroid3" parent="." instance=ExtResource( 1 )]
transform = Transform( 1, 0, 0, 0, 1, 0, 0, 0, 1, -97.7596, 0, 11 )

[node name="Asteroid4" parent="." instance=ExtResource( 1 )]
transform = Transform( 0.744719, 0, 0.667378, 0, 1, 0, -0.667378, 0, 0.744719, -16.525, -1.48664, 87.5053 )

[node name="Asteroid5" parent="." instance=ExtResource( 1 )]
transform = Transform( 1.48944, 0, 1.33476, 0, 2, 0, -1.33476, 0, 1.48944, -12.3661, 0, 89.1494 )

[node name="Asteroid6" parent="." instance=ExtResource( 1 )]
transform = Transform( 1.48944, 0, 0.667378, 0, 1, 0, -1.33476, 0, 0.744719, -3.97083, 0, 91.0256 )

[node name="Asteroid7" parent="." instance=ExtResource( 1 )]
transform = Transform( 0.856862, 0, 0.515547, 0, 1, 0, -0.515547, 0, 0.856862, -35.2663, 3.36504, 77.7198 )

[node name="Asteroid8" parent="." instance=ExtResource( 1 )]
transform = Transform( 0.856861, 0, 0.515547, 0, 4, 0, -0.515547, 0, 0.856861, -31.4904, 0, 80.1161 )

[node name="Asteroid9" parent="." instance=ExtResource( 1 )]
transform = Transform( 0.856862, 0, 0.515547, 0, 1, 0, -0.515547, 0, 0.856862, -23.5972, 0, 83.5364 )

[node name="Asteroid13" parent="." instance=ExtResource( 1 )]
transform = Transform( 1.81315, 0, 0.844097, 0, 2, 0, -0.844097, 0, 1.81315, -47.282, -3.0127, 68.5746 )

[node name="Asteroid14" parent="." instance=ExtResource( 1 )]
transform = Transform( 0.906573, 0, 0.422049, 0, 1, 0, -0.422049, 0, 0.906573, -43.7806, 0, 71.3568 )

[node name="Asteroid15" parent="." instance=ExtResource( 1 )]
transform = Transform( 0.906573, 0, 0.422049, 0, 1, 0, -0.422049, 0, 0.906573, -36.2934, 0, 75.5925 )

[node name="Asteroid16" parent="." instance=ExtResource( 1 )]
transform = Transform( 0.969732, 0, 0.244174, 0, 1, 0, -0.244174, 0, 0.969732, -62.3689, 2.77879, 53.7632 )

[node name="Asteroid17" parent="." instance=ExtResource( 1 )]
transform = Transform( 0.969732, 0, 0.244174, 0, 1, 0, -0.244174, 0, 0.969732, -59.4528, 2.80327, 57.1538 )

[node name="Asteroid18" parent="." instance=ExtResource( 1 )]
transform = Transform( 0.969732, 0, 0.244174, 0, 1, 0, -0.244174, 0, 0.969732, -52.8949, -3.52616, 62.7211 )

[node name="Asteroid19" parent="." instance=ExtResource( 1 )]
transform = Transform( 1.84367, 0, 0.38758, 0, 4, 0, -0.77516, 0, 0.921836, -74.0149, 3.88707, 44.4475 )

[node name="Asteroid20" parent="." instance=ExtResource( 1 )]
transform = Transform( 1.84367, 0, 0.77516, 0, 2, 0, -0.77516, 0, 1.84367, -70.6209, 0, 47.3597 )

[node name="Asteroid21" parent="." instance=ExtResource( 1 )]
transform = Transform( 0.921836, 0, 0.38758, 0, 1, 0, -0.38758, 0, 0.921836, -63.2986, 2.25082, 51.8747 )

[node name="Asteroid22" parent="." instance=ExtResource( 1 )]
transform = Transform( 0.978245, 0, 0.207451, 0, 1, 0, -0.207451, 0, 0.978245, -88.5329, 0, 29.0781 )

[node name="Asteroid23" parent="." instance=ExtResource( 1 )]
transform = Transform( 1.95649, 0, 0.207451, 0, 4, 0, -0.414902, 0, 0.978245, -85.7466, 4.45872, 32.5762 )

[node name="Asteroid24" parent="." instance=ExtResource( 1 )]
transform = Transform( 0.978245, 0, 0.207451, 0, 1, 0, -0.207451, 0, 0.978245, -79.4032, 0, 38.3867 )

[node name="Asteroid10" parent="." instance=ExtResource( 1 )]
transform = Transform( 1.94414, 0, 0.469402, 0, 2, 0, -0.469402, 0, 1.94414, -94.5989, 3.51883, 19.3148 )

[node name="Asteroid11" parent="." instance=ExtResource( 1 )]
transform = Transform( 0.972068, 0, 0.234701, 0, 1, 0, -0.234701, 0, 0.972068, -91.7159, 0, 22.7337 )

[node name="Asteroid12" parent="." instance=ExtResource( 1 )]
transform = Transform( 1.94414, 0, 0.234701, 0, 1, 0, -0.469402, 0, 0.972068, -85.2127, 0, 28.3646 )

[node name="Asteroid25" parent="." instance=ExtResource( 1 )]
transform = Transform( 0.10793, 0, 0.994158, 0, 1, 0, -0.994158, 0, 0.10793, 2.65219, 1.17239, 93.0744 )

[node name="Asteroid26" parent="." instance=ExtResource( 1 )]
transform = Transform( 0.10793, 0, 0.994158, 0, 4, 0, -0.994158, 0, 0.10793, 6.84468, 0, 91.5178 )

[node name="Asteroid27" parent="." instance=ExtResource( 1 )]
transform = Transform( 0.10793, 0, 0.994158, 0, 1, 0, -0.994158, 0, 0.10793, 14.3434, 0, 87.3025 )

[node name="Asteroid28" parent="." instance=ExtResource( 1 )]
transform = Transform( -1.1662, 0, 0.812399, 0, 1, 0, -1.6248, 0, -0.583102, 99.1695, -1.48664, 14.7997 )

[node name="Asteroid29" parent="." instance=ExtResource( 1 )]
transform = Transform( -1.1662, 0, 1.6248, 0, 2, 0, -1.6248, 0, -1.1662, 101.253, 0, 10.8425 )

[node name="Asteroid30" parent="." instance=ExtResource( 1 )]
transform = Transform( -0.583102, 0, 0.812399, 0, 1, 0, -0.812399, 0, -0.583102, 104.024, 0, 2.69875 )

[node name="Asteroid31" parent="." instance=ExtResource( 1 )]
transform = Transform( -0.420054, 0, 0.907499, 0, 1, 0, -0.907499, 0, -0.420054, 87.4184, 3.36504, 32.3753 )

[node name="Asteroid32" parent="." instance=ExtResource( 1 )]
transform = Transform( -0.420054, 0, 0.907499, 0, 4, 0, -0.907499, 0, -0.420054, 90.2083, 0, 28.8801 )

[node name="Asteroid33" parent="." instance=ExtResource( 1 )]
transform = Transform( -0.420054, 0, 0.907499, 0, 1, 0, -0.907499, 0, -0.420054, 94.4605, 0, 21.4022 )

[node name="Asteroid34" parent="." instance=ExtResource( 1 )]
transform = Transform( -0.643474, 0, 0.946829, 0, 1, 0, -1.89366, 0, -0.321737, 77.0297, -3.0127, 43.3337 )

[node name="Asteroid35" parent="." instance=ExtResource( 1 )]
transform = Transform( -0.321737, 0, 0.946829, 0, 1, 0, -0.946829, 0, -0.321737, 80.1736, 0, 40.1531 )

[node name="Asteroid36" parent="." instance=ExtResource( 1 )]
transform = Transform( -0.321737, 0, 0.946829, 0, 1, 0, -0.946829, 0, -0.321737, 85.1927, 0, 33.1668 )

[node name="Asteroid37" parent="." instance=ExtResource( 1 )]
transform = Transform( -0.276168, 0, 1.98084, 0, 2, 0, -1.98084, 0, -0.276168, 60.6766, 2.77879, 56.734 )

[node name="Asteroid38" parent="." instance=ExtResource( 1 )]
transform = Transform( -0.276168, 0, 0.990421, 0, 1, 0, -1.98084, 0, -0.138084, 64.3621, 2.80327, 54.2008 )

[node name="Asteroid39" parent="." instance=ExtResource( 1 )]
transform = Transform( -0.138084, 0, 0.99042, 0, 1, 0, -0.99042, 0, -0.138084, 70.6046, -3.52616, 48.2821 )

[node name="Asteroid40" parent="." instance=ExtResource( 1 )]
transform = Transform( -0.285822, 0, 0.958283, 0, 4, 0, -0.958283, 0, -0.285822, 50.1584, 3.88707, 67.3065 )

[node name="Asteroid41" parent="." instance=ExtResource( 1 )]
transform = Transform( -0.571644, 0, 1.91657, 0, 2, 0, -1.91657, 0, -0.571644, 53.4198, 0, 64.2466 )

[node name="Asteroid42" parent="." instance=ExtResource( 1 )]
transform = Transform( -0.285822, 0, 0.958283, 0, 1, 0, -0.958283, 0, -0.285822, 58.6987, 2.25082, 57.4545 )

[node name="Asteroid43" parent="." instance=ExtResource( 1 )]
transform = Transform( -0.100657, 0, 0.994921, 0, 1, 0, -0.994921, 0, -0.100657, 33.3118, 0, 80.0808 )

[node name="Asteroid44" parent="." instance=ExtResource( 1 )]
transform = Transform( -0.201314, 0, 0.994921, 0, 1, 0, -1.98984, 0, -0.100657, 37.0902, 4.45872, 77.6884 )

[node name="Asteroid45" parent="." instance=ExtResource( 1 )]
transform = Transform( -0.100657, 0, 0.994921, 0, 1, 0, -0.994921, 0, -0.100657, 43.5513, 0, 72.0092 )

[node name="Asteroid46" parent="." instance=ExtResource( 1 )]
transform = Transform( -0.128415, 0, 0.991721, 0, 4, 0, -0.991721, 0, -0.128415, 22.9508, 3.51883, 85.0577 )

[node name="Asteroid47" parent="." instance=ExtResource( 1 )]
transform = Transform( -0.128415, 0, 0.991721, 0, 1, 0, -0.991721, 0, -0.128415, 26.6609, 0, 82.5605 )

[node name="Asteroid48" parent="." instance=ExtResource( 1 )]
transform = Transform( -0.128415, 0, 0.991721, 0, 1, 0, -0.991721, 0, -0.128415, 32.9608, 0, 76.703 )

[node name="Asteroid49" parent="." instance=ExtResource( 1 )]
transform = Transform( -2, 0, -0.00122196, 0, 2, 0, 0.00122196, 0, -2, 104.053, 1.17239, -2.89757 )

[node name="Asteroid50" parent="." instance=ExtResource( 1 )]
transform = Transform( -1, 0, -0.000610979, 0, 1, 0, 0.000610979, 0, -1, 102.05, 0, -6.89635 )

[node name="Asteroid51" parent="." instance=ExtResource( 1 )]
transform = Transform( -1, 0, -0.000610979, 0, 1, 0, 0.000610979, 0, -1, 97.0458, 0, -13.8933 )

[node name="Asteroid52" parent="." instance=ExtResource( 1 )]
transform = Transform( -1.48862, 0, -0.667833, 0, 4, 0, 1.33567, 0, -0.744311, 15.7646, -1.48664, -90.3489 )

[node name="Asteroid53" parent="." instance=ExtResource( 1 )]
transform = Transform( -0.744312, 0, -0.667833, 0, 1, 0, 0.667833, 0, -0.744312, 11.6046, 0, -91.9905 )

[node name="Asteroid54" parent="." instance=ExtResource( 1 )]
transform = Transform( -0.744312, 0, -0.667833, 0, 1, 0, 0.667833, 0, -0.744312, 3.20822, 0, -93.8615 )

[node name="Asteroid55" parent="." instance=ExtResource( 1 )]
transform = Transform( -0.856546, 0, -0.51607, 0, 1, 0, 0.51607, 0, -0.856546, 34.5118, 3.36504, -80.5749 )

[node name="Asteroid56" parent="." instance=ExtResource( 1 )]
transform = Transform( -0.856546, 0, -0.51607, 0, 1, 0, 0.51607, 0, -0.856546, 30.7344, 0, -82.9689 )

[node name="Asteroid57" parent="." instance=ExtResource( 1 )]
transform = Transform( -0.856546, 0, -0.51607, 0, 1, 0, 0.51607, 0, -0.856546, 22.8392, 0, -86.3844 )

[node name="Asteroid58" parent="." instance=ExtResource( 1 )]
transform = Transform( -1.81263, 0, -0.845205, 0, 4, 0, 0.845205, 0, -1.81263, 46.5331, -3.0127, -71.437 )

[node name="Asteroid59" parent="." instance=ExtResource( 1 )]
transform = Transform( -0.906315, 0, -0.422603, 0, 1, 0, 0.422603, 0, -0.906315, 43.03, 0, -74.2171 )

[node name="Asteroid60" parent="." instance=ExtResource( 1 )]
transform = Transform( -0.906315, 0, -0.422603, 0, 1, 0, 0.422603, 0, -0.906315, 35.5402, 0, -78.4482 )

[node name="Asteroid61" parent="." instance=ExtResource( 1 )]
transform = Transform( -0.969582, 0, -0.244766, 0, 1, 0, 0.244766, 0, -0.969582, 61.6291, 2.77879, -56.6349 )

[node name="Asteroid62" parent="." instance=ExtResource( 1 )]
transform = Transform( -0.969582, 0, -0.244766, 0, 1, 0, 0.244766, 0, -0.969582, 58.7108, 2.80327, -60.0237 )

[node name="Asteroid63" parent="." instance=ExtResource( 1 )]
transform = Transform( -0.969582, 0, -0.244766, 0, 1, 0, 0.244766, 0, -0.969582, 52.1496, -3.52616, -65.5869 )

[node name="Asteroid64" parent="." instance=ExtResource( 1 )]
transform = Transform( -0.921599, 0, -0.388143, 0, 4, 0, 0.388143, 0, -0.921599, 73.2807, 3.88707, -47.3263 )

[node name="Asteroid65" parent="." instance=ExtResource( 1 )]
transform = Transform( -0.921599, 0, -0.388143, 0, 1, 0, 0.388143, 0, -0.921599, 69.8849, 0, -50.2364 )

[node name="Asteroid66" parent="." instance=ExtResource( 1 )]
transform = Transform( -1.8432, 0, -0.776286, 0, 2, 0, 0.776286, 0, -1.8432, 62.5599, 2.25082, -54.7469 )

[node name="Asteroid67" parent="." instance=ExtResource( 1 )]
transform = Transform( -1.95624, 0, -0.208049, 0, 1, 0, 0.416097, 0, -0.978119, 87.8081, 0, -31.9658 )

[node name="Asteroid68" parent="." instance=ExtResource( 1 )]
transform = Transform( -0.978119, 0, -0.208049, 0, 4, 0, 0.208049, 0, -0.978119, 85.0197, 4.45872, -35.4622 )

[node name="Asteroid69" parent="." instance=ExtResource( 1 )]
transform = Transform( -0.978119, 0, -0.208048, 0, 1, 0, 0.208048, 0, -0.978119, 78.6727, 0, -41.2687 )

[node name="Asteroid70" parent="." instance=ExtResource( 1 )]
transform = Transform( -1.94385, 0, -0.47059, 0, 2, 0, 0.47059, 0, -1.94385, 93.8801, 3.51883, -22.2062 )

[node name="Asteroid71" parent="." instance=ExtResource( 1 )]
transform = Transform( -0.971924, 0, -0.235295, 0, 1, 0, 0.235295, 0, -0.971924, 90.995, 0, -25.6233 )

[node name="Asteroid72" parent="." instance=ExtResource( 1 )]
transform = Transform( -0.971924, 0, -0.235295, 0, 1, 0, 0.235295, 0, -0.971924, 84.4883, 0, -31.2503 )

[node name="Asteroid73" parent="." instance=ExtResource( 1 )]
transform = Transform( -0.107322, 0, -0.994224, 0, 1, 0, 0.994224, 0, -0.107322, -3.41605, 1.17239, -95.9063 )

[node name="Asteroid74" parent="." instance=ExtResource( 1 )]
transform = Transform( -0.107322, 0, -0.994224, 0, 4, 0, 0.994224, 0, -0.107322, -7.60758, 0, -94.3471 )

[node name="Asteroid75" parent="." instance=ExtResource( 1 )]
transform = Transform( -0.214645, 0, -0.994224, 0, 1, 0, 1.98845, 0, -0.107322, -15.1038, 0, -90.1273 )

[node name="Asteroid76" parent="." instance=ExtResource( 1 )]
transform = Transform( 1.1672, 0, -1.62409, 0, 2, 0, 1.62409, 0, 1.1672, -99.8855, -1.48664, -17.5726 )

[node name="Asteroid77" parent="." instance=ExtResource( 1 )]
transform = Transform( 0.583598, 0, -0.812043, 0, 1, 0, 0.812043, 0, 0.583598, -101.966, 0, -13.6142 )

[node name="Asteroid78" parent="." instance=ExtResource( 1 )]
transform = Transform( 0.583598, 0, -0.812043, 0, 1, 0, 0.812043, 0, 0.583598, -104.733, 0, -5.46876 )

[node name="Asteroid79" parent="." instance=ExtResource( 1 )]
transform = Transform( 0.420609, 0, -0.907242, 0, 1, 0, 0.907242, 0, 0.420609, -88.1451, 3.36504, -35.1554 )

[node name="Asteroid80" parent="." instance=ExtResource( 1 )]
transform = Transform( 0.420609, 0, -0.907242, 0, 1, 0, 0.907242, 0, 0.420609, -90.9329, 0, -31.6585 )

[node name="Asteroid81" parent="." instance=ExtResource( 1 )]
transform = Transform( 0.420609, 0, -0.907242, 0, 1, 0, 0.907242, 0, 0.420609, -95.1805, 0, -24.178 )

[node name="Asteroid82" parent="." instance=ExtResource( 1 )]
transform = Transform( 0.322315, 0, -0.946632, 0, 4, 0, 0.946632, 0, 0.322315, -77.7632, -3.0127, -46.1202 )

[node name="Asteroid83" parent="." instance=ExtResource( 1 )]
transform = Transform( 0.644631, 0, -0.946632, 0, 1, 0, 1.89326, 0, 0.322315, -80.9051, 0, -42.9377 )

[node name="Asteroid84" parent="." instance=ExtResource( 1 )]
transform = Transform( 0.322315, 0, -0.946632, 0, 1, 0, 0.946632, 0, 0.322315, -85.9199, 0, -35.9483 )

[node name="Asteroid85" parent="." instance=ExtResource( 1 )]
transform = Transform( 0.138689, 0, -0.990336, 0, 4, 0, 0.990336, 0, 0.138689, -61.4182, 2.77879, -59.5305 )

[node name="Asteroid86" parent="." instance=ExtResource( 1 )]
transform = Transform( 0.277379, 0, -1.98067, 0, 2, 0, 1.98067, 0, 0.277379, -65.1022, 2.80327, -56.995 )

[node name="Asteroid87" parent="." instance=ExtResource( 1 )]
transform = Transform( 0.277379, 0, -0.990336, 0, 1, 0, 1.98067, 0, 0.138689, -71.3411, -3.52616, -51.0725 )

[node name="Asteroid88" parent="." instance=ExtResource( 1 )]
transform = Transform( 0.286408, 0, -0.958108, 0, 1, 0, 0.958108, 0, 0.286408, -50.9065, 3.88707, -70.1094 )

[node name="Asteroid89" parent="." instance=ExtResource( 1 )]
transform = Transform( 0.286408, 0, -0.958108, 0, 1, 0, 0.958108, 0, 0.286408, -54.1661, 0, -67.0475 )

[node name="Asteroid90" parent="." instance=ExtResource( 1 )]
transform = Transform( 0.572815, 0, -1.91622, 0, 4, 0, 1.91622, 0, 0.572815, -59.4408, 2.25082, -60.2521 )

[node name="Asteroid91" parent="." instance=ExtResource( 1 )]
transform = Transform( 0.20253, 0, -0.994859, 0, 1, 0, 1.98972, 0, 0.101265, -34.0677, 0, -82.894 )

[node name="Asteroid92" parent="." instance=ExtResource( 1 )]
transform = Transform( 0.101265, 0, -0.994859, 0, 1, 0, 0.994859, 0, 0.101265, -37.8446, 4.45872, -80.4992 )

[node name="Asteroid93" parent="." instance=ExtResource( 1 )]
transform = Transform( 0.20253, 0, -1.98972, 0, 2, 0, 1.98972, 0, 0.20253, -44.3023, 0, -74.8161 )

[node name="Asteroid94" parent="." instance=ExtResource( 1 )]
transform = Transform( 0.129021, 0, -0.991642, 0, 1, 0, 0.991642, 0, 0.129021, -23.7098, 3.51883, -87.8772 )

[node name="Asteroid95" parent="." instance=ExtResource( 1 )]
transform = Transform( 0.129021, 0, -0.991642, 0, 1, 0, 0.991642, 0, 0.129021, -27.4183, 0, -85.3778 )

[node name="Asteroid96" parent="." instance=ExtResource( 1 )]
transform = Transform( 0.258042, 0, -1.98328, 0, 2, 0, 1.98328, 0, 0.258042, -33.7147, 0, -79.5164 )
